          Time(yr)  Time(yr)  Time(yr)  Time(yr)  Time(yr)  Time(yr)  Time(yr)  Time(yr)  Time(yr)  Time(yr)  Time(yr)  Time(yr)  Time(yr)  Time(yr)  
          0.0       0.95000000000000021.95000000000000082.94999999999999753.9499999999999944.949999999999995.9499999999999876.9499999999999837.949999999999988.9499999999999929.95000000000000610.9500000000000211.95000000000003512.950000000000049
D (mm)    QsOut     QsOut     QsOut     QsOut     QsOut     QsOut     QsOut     QsOut     QsOut     QsOut     QsOut     QsOut     QsOut     QsOut     
0.031     0.0        3.622e+04  7.244e+04  1.087e+05  1.449e+05  1.811e+05  2.173e+05  2.536e+05  2.898e+05  3.26e+05   3.279e+05  3.28e+05   3.28e+05   3.281e+05  
0.707     0.0        2.026e+03  4.051e+03  6.074e+03  8.098e+03  1.012e+04  1.214e+04  1.417e+04  1.619e+04  1.821e+04  2.003e+04  2.109e+04  2.18e+04   2.234e+04  
1.414     0.0        2.079e+03  4.158e+03  6.236e+03  8.314e+03  1.039e+04  1.247e+04  1.455e+04  1.662e+04  1.87e+04   2.058e+04  2.175e+04  2.254e+04  2.316e+04  
2.378     0.0        997.2      1.995e+03  2.992e+03  3.989e+03  4.986e+03  5.983e+03  6.98e+03   7.976e+03  8.973e+03  9.883e+03  1.046e+04  1.086e+04  1.118e+04  
3.363     0.0        837.3      1.675e+03  2.513e+03  3.35e+03   4.188e+03  5.025e+03  5.863e+03  6.7e+03    7.537e+03  8.304e+03  8.797e+03  9.144e+03  9.417e+03  
4.756     0.0        772.3      1.545e+03  2.318e+03  3.091e+03  3.864e+03  4.637e+03  5.409e+03  6.182e+03  6.955e+03  7.665e+03  8.126e+03  8.453e+03  8.712e+03  
6.727     0.0        726.7      1.454e+03  2.182e+03  2.909e+03  3.637e+03  4.365e+03  5.092e+03  5.82e+03   6.548e+03  7.218e+03  7.658e+03  7.972e+03  8.221e+03  
9.513     0.0        716.0      1.433e+03  2.15e+03   2.867e+03  3.585e+03  4.302e+03  5.02e+03   5.738e+03  6.455e+03  7.117e+03  7.555e+03  7.87e+03   8.12e+03   
13.45     0.0        713.0      1.427e+03  2.141e+03  2.856e+03  3.571e+03  4.286e+03  5.001e+03  5.716e+03  6.431e+03  7.092e+03  7.532e+03  7.85e+03   8.103e+03  
19.02     0.0        770.6      1.542e+03  2.315e+03  3.088e+03  3.861e+03  4.634e+03  5.408e+03  6.182e+03  6.956e+03  7.671e+03  8.151e+03  8.498e+03  8.776e+03  
26.90     0.0        761.2      1.524e+03  2.287e+03  3.051e+03  3.816e+03  4.58e+03   5.345e+03  6.111e+03  6.876e+03  7.584e+03  8.062e+03  8.408e+03  8.685e+03  
38.05     0.0        1.16e+03   2.322e+03  3.486e+03  4.651e+03  5.817e+03  6.983e+03  8.15e+03   9.317e+03  1.049e+04  1.157e+04  1.23e+04   1.283e+04  1.326e+04  
53.81     0.0        1.224e+03  2.451e+03  3.679e+03  4.91e+03   6.141e+03  7.373e+03  8.607e+03  9.841e+03  1.108e+04  1.222e+04  1.3e+04    1.357e+04  1.403e+04  
76.10     0.0        1.298e+03  2.599e+03  3.903e+03  5.209e+03  6.516e+03  7.826e+03  9.136e+03  1.045e+04  1.176e+04  1.298e+04  1.382e+04  1.443e+04  1.492e+04  
107.6     0.0        1.05e+03   2.103e+03  3.16e+03   4.219e+03  5.28e+03   6.342e+03  7.406e+03  8.471e+03  9.537e+03  1.053e+04  1.122e+04  1.173e+04  1.215e+04  
152.2     0.0        688.5      1.381e+03  2.076e+03  2.773e+03  3.473e+03  4.174e+03  4.877e+03  5.581e+03  6.286e+03  6.947e+03  7.418e+03  7.775e+03  8.073e+03  
215.2     0.0        323.7      650.2      979.0      1.31e+03   1.643e+03  1.977e+03  2.312e+03  2.649e+03  2.987e+03  3.308e+03  3.555e+03  3.752e+03  3.92e+03   
304.4     0.0        53.87      108.5      163.9      219.9      276.5      333.5      391.1      449.0      507.3      564.1      611.9      652.8      689.1      
430.5     0.0        2.741      5.546      8.41       11.33      14.29      17.3       20.35      23.44      26.56      29.67      32.57      35.28      37.82      
724.0     0.0        0.009221   0.0186     0.02814    0.03782    0.04764    0.05759    0.06766    0.07785    0.08816    0.09813    0.1063     0.1135     0.1199     
